66.71
79.85
3.39
112.50
34.76
22.89
39.94
53.91
9.84
6.85
106.93
112.01
2.21
29.66
96.39
12.66
4.00
17.87
30.96
9.82
19.83
40.06
0.41
2.07
110.78
6.87
2.55
105.90
23.04
73.41
1.56
87.56
13.09
4.36
11.20
20.05
40.18
80.28
40.96
2.72
17.71
5.02
4.37
6.86
12.67
8.89
0.51
47.51
13.38
3.81
19.71
40.88
8.63
5.68
9.67
91.81
61.37
70.57
12.80
6.05
7.21
93.78
61.25
19.21
16.73
94.53
53.11
5.89
26.59
100.25
23.04
68.05
31.82
33.08
16.03
20.39
98.23
60.17
28.79
45.58
0.56
42.21
15.22
14.59
14.32
1.75
13.31
1.44
30.14
31.24
112.45
18.30
4.78
20.16
16.10
36.46
61.34
6.04
55.51
61.98
2.37
42.45
2.97
44.88
1.43
44.66
9.46
67.90
69.56
36.71
56.86
22.68
4.20
17.71
15.75
3.13
25.93
43.23
5.73
19.41
11.46
1.19
10.83
129.39
61.33
1.30
48.98
53.46
9.73
0.51
23.34
17.49
7.48
32.62
11.22
26.04
12.97
29.38
21.85
163.33
22.01
20.98
0.63
28.22
10.23
5.48
31.74
28.82
58.08
15.60
38.83
40.89
2.73
34.81
26.86
41.48
7.41
6.29
26.69
1.40
32.44
19.05
18.14
0.66
20.94
21.27
1.40
0.22
22.66
42.17
17.05
78.41
11.16
46.24
75.19
6.75
24.16
17.36
11.73
84.42
7.44
24.52
3.65
0.45
6.59
22.59
13.44
19.88
76.99
29.24
40.04
19.31
47.05
42.53
19.16
60.68
16.06
23.30
1.71
7.48
16.83
67.23
61.47
22.70
2.86
29.75
0.33
38.50
14.69
31.66
25.70
1.11
2.75
10.95
15.95
5.09
6.66
43.79
2.17
29.03
34.73
29.02
6.66
12.63
24.42
5.28
23.07
22.12
8.87
44.04
0.14
33.74
5.55
58.99
51.18
1.78
6.28
76.81
35.94
17.27
6.59
30.97
3.47
92.04
8.35
50.62
132.27
30.61
7.06
8.83
5.61
90.86
11.75
22.99
15.47
14.67
9.95
0.25
17.00
5.01
0.16
7.07
13.44
27.09
3.43
7.40
30.23
9.18
20.88
21.52
9.87
114.82
0.12
6.33
9.80
8.15
38.25
16.31
3.25
9.53
23.81
31.36
62.07
52.90
23.44
58.59
12.28
34.25
207.43
80.45
9.10
7.91
22.11
64.34
30.29
68.20
11.89
31.07
1.02
2.75
13.85
27.21
12.83
0.60
25.47
14.82
41.11
43.87
11.10
9.58
91.39
7.71
7.18
0.63
57.01
8.36
87.14
6.55
14.22
20.10
21.12
32.80
12.70
98.35
28.19
98.98
86.97
98.45
53.27
14.88
24.86
15.90
6.01
7.41
26.61
25.61
28.58
89.51
37.17
12.09
6.41
9.78
89.24
56.25
49.21
8.11
31.28
3.20
20.73
95.69
29.61
2.36
14.87
5.23
40.36
0.70
13.82
6.01
104.97
9.58
9.27
3.44
43.61
79.21
72.14
3.50
2.03
31.06
36.12
7.22
15.44
30.39
19.39
18.25
6.71
48.30
10.29
13.92
5.78
13.31
96.99
5.00
31.79
48.69
24.04
67.35
3.26
23.81
20.28
15.80
49.14
155.05
19.67
7.93
3.10
23.85
3.61
2.31
101.83
90.27
82.59
42.06
24.61
1.50
71.43
48.08
9.69
66.71
4.82
15.00
14.70
8.94
150.69
44.57
8.81
55.26
32.65
14.06
86.45
15.75
20.65
52.27
13.13
45.04
8.27
45.64
29.50
24.05
35.75
19.86
67.39
45.85
11.12
21.72
47.90
73.69
52.96
8.63
34.35
5.97
18.68
10.11
26.67
46.15
0.19
12.11
26.94
117.87
7.97
1.14
25.60
6.93
238.46
4.71
26.08
14.27
4.82
0.11
8.31
102.26
105.27
55.76
36.20
23.40
7.94
7.96
5.35
11.92
13.54
32.74
64.88
29.44
64.18
8.55
13.82
7.60
10.49
25.17
2.83
2.70
26.66
92.31
36.86
7.49
12.90
149.68
22.69
78.77
57.32
17.73
24.59
5.85
19.48
0.94
222.86
62.09
1.90
4.49
44.52
13.36
2.86
25.19
61.59
24.89
16.58
2.43
81.76
1.16
111.27
21.48
18.84
31.88
7.14
2.58
6.26
92.35
2.01
22.84
118.42
31.26
2.27
33.78
11.67
21.15
112.63
29.34
2.14
35.13
61.27
105.25
100.80
11.50
87.90
1.71
36.53
11.40
17.28
25.09
43.46
53.41
29.50
4.37
18.45
11.52
0.00
37.62
6.23
42.98
9.60
41.00
58.39
41.59
39.02
4.89
15.96
19.19
1.79
19.75
7.85
25.36
24.92
6.14
17.44
21.54
8.06
61.64
134.39
17.18
98.65
3.30
2.07
23.32
15.51
32.45
107.89
24.43
39.35
104.19
29.88
35.50
7.59
0.50
23.79
28.13
3.76
27.60
3.05
1.87
42.89
3.84
45.15
40.50
26.76
33.93
6.64
290.06
0.83
113.97
6.22
79.08
35.05
70.75
87.65
2.27
88.33
23.96
19.42
65.71
20.14
46.36
41.59
4.72
13.77
23.11
36.81
19.12
32.83
28.18
4.46
14.15
2.12
29.43
136.16
35.05
34.55
32.63
9.61
8.00
23.03
22.36
65.30
5.58
63.43
1.96
20.22
13.21
9.11
43.69
23.31
3.69
13.41
116.07
15.52
1.21
38.94
57.09
10.83
8.84
99.03
0.53
13.83
13.28
33.22
89.34
28.34
24.79
96.49
10.73
18.37
18.96
46.16
11.09
59.52
6.80
39.13
42.85
8.40
60.29
21.37
53.20
64.39
23.47
112.44
73.58
100.43
234.53
75.85
24.94
16.85
0.23
33.86
0.15
5.22
0.93
26.32
64.95
4.10
1.49
21.24
5.65
56.90
11.36
15.85
75.03
13.60
7.08
6.72
12.17
1.32
43.31
61.07
62.47
16.17
28.48
2.03
11.70
135.07
3.04
20.56
133.83
69.31
50.76
3.72
2.96
0.78
9.97
9.81
15.41
3.33
24.09
25.74
4.65
100.84
20.93
63.55
40.06
66.07
19.89
25.40
41.27
16.79
28.70
33.78
73.05
3.12
42.76
79.70
17.93
61.31
2.56
14.14
11.94
18.25
15.68
3.65
35.84
17.75
52.37
42.55
18.27
29.56
50.66
3.82
19.03
43.52
17.32
5.70
1.28
7.97
52.82
9.95
24.87
2.88
75.09
57.15
17.97
27.11
32.26
3.66
40.20
19.01
7.32
24.32
31.73
5.07
4.11
21.05
9.63
0.87
1.83
22.17
50.94
10.89
61.53
16.53
49.09
43.51
21.11
49.08
20.81
30.43
28.15
48.69
22.29
13.59
7.49
46.67
96.67
22.90
55.12
119.68
53.55
7.91
20.71
44.39
4.13
39.72
38.64
24.97
74.72
7.00
18.36
7.52
10.36
0.77
4.36
46.61
26.73
37.28
39.59
1.38
2.29
42.05
30.42
40.26
5.22
84.36
51.18
25.50
25.60
29.46
5.17
117.55
8.13
6.04
107.66
17.86
1.66
12.73
11.02
8.55
64.01
64.78
2.01
117.45
28.36
88.69
15.17
96.82
10.06
44.88
34.95
0.70
7.80
55.31
29.82
72.76
62.81
3.13
14.84
57.23
6.95
14.59
10.41
4.77
93.96
49.39
5.28
63.81
29.77
26.23
25.19
2.35
37.98
2.66
32.81
11.82
19.74
15.03
80.55
53.51
81.67
2.34
11.95
6.59
12.69
12.74
6.48
106.04
30.99
45.98
67.99
3.47
25.27
13.12
5.34
10.76
16.26
27.93
10.76
6.48
7.67
15.37
22.97
86.35
79.06
4.66
45.84
27.85
5.75
33.39
15.44
5.88
3.15
22.82
9.99
50.58
33.81
83.28
88.59
38.00
20.24
8.31
5.16
21.50
159.96
14.68
15.44
0.86
22.37
3.04
26.80
16.11
9.15
6.46
19.00
61.83
11.56
59.90
3.39
24.29
1.81
5.14
24.81
0.92
59.18
4.58
38.18
16.32
20.00
85.73
114.02
4.65
51.96
7.17
8.88
51.34
18.33
9.70
0.27
28.82
15.43
16.37
24.65
77.61
8.14
44.20
9.83
49.15
1.14
8.71
9.58
226.41
84.68
11.83
4.26
0.77
17.52
2.85
25.15
12.63
9.87
17.26
8.31
67.05
3.99
3.98
13.85
35.82
18.41
7.30
75.36
9.25
49.57
7.44
25.89
107.01
7.89
39.77
4.62
