9.03
11.08
57.40
69.91
2.52
97.54
14.80
8.80
21.17
8.24
0.98
28.02
6.25
28.55
0.14
43.26
8.13
2.21
4.14
1.59
36.12
16.98
13.75
9.45
34.59
1.61
60.28
43.71
18.11
7.78
21.82
14.67
7.74
20.01
12.17
4.80
54.58
13.79
6.26
23.95
4.37
50.57
18.01
1.90
14.10
163.58
77.85
125.83
26.15
1.17
37.28
5.39
59.22
45.52
58.68
39.35
30.34
3.90
7.05
37.97
57.23
26.32
7.65
0.39
115.98
51.61
22.25
0.43
34.81
96.97
96.65
11.06
22.94
97.78
2.96
83.00
62.47
33.74
3.52
67.15
1.92
36.22
3.90
37.01
12.61
0.42
1.84
3.65
59.82
2.75
66.94
48.49
51.64
4.59
1.92
90.62
10.88
63.37
11.32
33.12
8.70
4.21
17.54
13.54
1.08
49.73
222.40
30.13
9.59
8.71
24.20
18.87
3.27
35.82
22.13
19.76
50.10
19.20
91.48
9.79
45.81
36.60
5.59
10.31
11.64
52.83
75.20
13.95
19.73
12.07
3.04
54.50
45.06
13.86
33.43
40.16
80.49
3.53
88.91
32.71
38.51
37.03
47.64
5.31
61.31
76.07
62.14
7.68
68.32
98.15
17.38
46.38
34.97
37.14
15.65
16.75
20.06
217.12
100.36
35.83
18.64
4.80
12.06
84.28
66.86
47.33
204.40
8.85
25.21
47.16
4.45
2.46
17.45
21.97
18.48
44.67
71.13
0.39
5.04
10.70
2.81
100.53
12.66
13.49
14.52
12.61
14.69
13.49
32.22
4.26
2.30
59.63
67.79
13.95
81.89
15.61
75.01
1.94
55.67
27.25
36.36
21.93
30.05
106.74
50.29
12.65
15.86
23.45
8.88
8.29
184.01
13.14
18.54
210.72
138.76
15.57
14.82
23.96
24.40
22.18
1.93
1.28
53.91
34.50
5.21
40.99
29.31
18.82
9.46
70.00
4.66
18.01
118.87
119.80
52.70
26.88
2.66
33.50
9.69
5.83
6.10
0.69
54.64
40.92
25.18
44.15
29.00
25.78
48.39
18.07
19.12
51.56
23.32
5.51
3.58
12.93
30.48
104.42
10.30
5.50
9.03
37.46
0.25
7.19
35.08
102.93
14.11
25.05
35.77
45.29
13.08
8.38
17.60
11.41
19.23
22.84
31.67
48.59
1.39
28.75
52.23
30.77
0.08
23.33
25.80
74.47
87.38
22.79
18.45
30.03
1.82
25.77
15.48
14.92
65.17
37.64
5.71
29.78
3.69
12.48
7.83
26.42
11.81
24.10
19.21
14.82
11.94
3.11
6.54
35.07
63.02
7.99
33.76
15.29
49.02
1.25
12.79
4.50
22.01
15.10
35.36
30.31
94.48
49.16
2.40
16.30
28.19
47.15
19.27
13.95
43.21
27.83
0.52
49.44
15.43
14.40
4.19
25.94
28.94
18.47
8.71
18.03
4.02
0.00
26.27
93.30
4.71
2.63
9.17
35.11
18.81
65.31
0.89
24.91
35.54
15.18
16.36
7.54
17.44
43.49
10.47
1.05
56.79
19.48
29.07
54.93
25.48
37.61
9.00
85.86
19.28
17.94
22.28
6.35
16.77
8.19
58.87
54.96
24.27
2.88
10.70
6.69
66.67
0.65
29.73
0.57
3.07
2.73
9.20
94.31
6.04
73.01
22.38
25.10
5.14
56.06
46.32
46.02
1.91
10.08
25.35
28.51
14.05
10.69
2.14
32.52
35.50
22.05
56.76
9.51
65.48
10.15
12.91
5.29
110.03
59.21
28.15
2.28
153.04
20.40
102.62
51.53
91.08
44.52
5.57
4.85
52.63
8.95
20.77
14.29
13.54
46.88
10.63
51.68
3.87
38.33
37.29
32.55
8.19
7.21
15.85
7.93
15.65
30.13
1.90
2.51
44.20
5.54
54.02
181.54
47.52
83.11
30.26
0.20
12.56
5.40
68.09
31.22
24.10
21.53
128.46
96.69
51.99
41.62
7.07
9.01
26.58
10.36
10.45
93.21
42.01
35.28
12.41
82.22
7.73
18.17
120.22
3.70
21.23
19.03
26.06
17.93
1.63
30.22
10.31
6.89
35.46
52.85
3.46
12.07
24.96
24.83
26.16
7.90
6.06
51.34
28.50
57.49
1.49
4.38
41.43
65.09
18.90
5.92
44.84
18.01
0.06
25.24
17.39
21.01
66.19
26.26
0.20
9.29
9.65
37.60
46.55
53.52
70.75
3.04
56.83
1.65
0.46
10.61
71.61
19.71
30.62
0.78
91.18
29.23
15.92
10.11
4.18
61.28
30.87
151.40
16.77
4.68
48.92
8.21
42.17
18.59
4.76
5.67
34.38
20.47
28.73
63.89
0.75
92.67
10.63
16.85
52.21
27.09
27.91
19.08
4.52
4.39
55.45
56.04
11.05
8.30
9.54
142.42
30.69
10.50
21.41
4.58
20.16
17.31
26.00
70.70
9.18
23.84
6.05
42.31
0.73
2.25
104.88
33.32
72.95
31.15
29.67
69.76
16.50
52.25
44.49
28.96
14.26
25.44
61.38
30.13
3.62
9.45
5.27
29.55
17.38
7.35
15.28
11.16
51.73
160.63
4.53
22.86
22.02
7.68
5.57
15.12
6.96
3.08
24.36
98.29
14.00
12.14
0.77
5.50
77.99
18.66
17.50
9.54
65.94
37.78
19.50
1.48
6.41
1.38
148.44
25.79
1.28
18.78
35.64
56.53
149.49
9.49
43.91
32.20
1.49
13.49
59.78
26.93
32.75
120.76
32.83
0.25
31.89
13.11
22.47
31.65
24.70
13.83
11.90
44.55
27.71
101.67
4.36
28.35
2.78
0.09
14.59
3.66
16.56
27.73
24.89
2.34
4.59
61.10
22.34
62.70
5.93
15.12
19.84
1.45
2.53
35.00
6.27
47.96
2.61
62.54
50.84
33.27
156.45
36.30
30.62
4.18
12.59
36.13
94.05
18.00
4.05
3.11
10.61
32.15
109.33
85.76
34.20
67.87
26.15
54.69
19.12
4.52
12.37
113.70
21.38
10.65
26.65
51.22
22.23
15.64
45.39
11.79
34.83
31.13
56.42
33.09
16.29
8.14
26.83
103.87
40.59
34.40
37.13
32.51
1.53
14.12
13.48
9.59
5.65
20.65
42.31
38.48
14.82
142.40
37.44
46.60
16.21
3.94
26.70
10.51
7.17
99.10
0.66
19.75
30.55
4.73
11.72
14.52
4.47
3.96
17.82
49.02
19.41
20.48
144.49
20.62
38.88
15.03
85.88
2.22
50.13
2.55
15.44
1.26
2.17
6.24
39.13
7.29
10.58
30.29
26.57
6.67
19.12
15.31
1.21
16.11
27.14
3.88
1.44
13.28
10.23
17.66
59.17
66.66
41.69
98.41
6.14
66.05
98.01
38.20
9.51
16.24
41.64
3.01
30.46
29.58
18.28
82.08
95.86
65.50
12.71
24.34
4.88
14.43
2.05
12.57
10.78
102.22
89.45
32.03
40.35
122.43
30.97
6.49
21.46
27.08
15.38
17.98
22.48
7.44
27.57
11.79
4.21
42.89
18.82
69.27
49.79
28.32
47.14
11.20
10.47
16.00
2.79
25.41
20.72
5.55
28.58
26.88
16.83
96.12
10.34
73.17
7.67
14.98
14.37
21.37
12.76
20.78
64.45
32.72
7.13
22.03
36.96
86.85
1.16
131.66
11.14
95.70
3.82
2.15
28.30
16.79
58.69
24.81
11.88
66.55
5.01
5.67
9.95
20.12
47.76
59.95
7.90
13.84
2.50
74.80
5.17
39.31
43.59
9.39
10.44
32.10
24.30
78.46
0.13
23.54
28.28
5.48
28.04
5.28
8.96
74.46
20.96
76.46
5.14
3.59
36.30
56.31
72.70
39.03
17.88
3.73
12.99
88.62
13.57
4.39
7.30
35.78
6.97
42.57
27.76
5.66
3.84
2.57
6.38
27.36
45.00
39.08
19.88
9.88
66.36
1.90
6.32
1.86
9.58
1.25
2.58
60.80
3.31
30.88
1.25
8.39
2.22
19.87
43.36
17.32
38.94
33.65
42.13
3.79
115.81
41.23
7.21
159.52
63.94
10.47
7.46
1.96
0.89
38.93
10.71
13.34
0.31
40.70
7.55
7.28
31.26
36.11
3.41
1.68
57.92
29.24
79.15
8.83
23.90
0.01
31.84
27.95
13.34
2.27
27.58
0.89
13.23
2.57
0.88
27.38
40.17
111.74
44.40
6.09
25.97
6.20
30.71
1.50
8.30
50.61
15.91
43.43
17.66
43.89
14.03
150.59
12.40
11.77
11.65
1.09
69.23
4.47
20.57
28.00
6.20
26.09